220
177.3
173.6
177.2
168.3
176.0
174.6
173.4
178.1
170.5
173.1
186.8
167.5
180.3
177.4
178.4
178.8
177.1
176.1
170.3
178.0
182.8
175.1
177.9
173.9
173.0
170.7
176.5
176.2
181.9
177.9
186.1
170.4
171.0
187.8
176.3
177.3
179.1
178.2
171.3
175.1
173.4
171.9
171.7
167.7
179.3
180.7
172.6
178.8
174.5
174.5
170.0
171.2
167.4
176.1
171.4
175.9
176.1
176.9
168.6
167.2
169.1
173.7
168.1
170.3
173.4
178.1
174.2
178.3
159.9
172.8
179.9
175.1
174.5
179.1
179.8
181.2
172.9
177.4
167.1
176.0
169.9
175.6
172.9
172.3
179.5
177.1
178.0
168.8
180.3
165.9
177.8
180.9
178.7
178.9
175.2
180.4
177.6
174.6
178.1
168.9
176.6
171.9
179.2
164.9
180.0
170.5
173.8
184.3
169.1
174.3
172.3
177.1
177.1
173.9
177.1
172.1
177.9
188.6
167.3
176.6
167.4
174.1
176.7
174.3
173.8
176.3
179.7
173.9
173.5
171.0
171.6
173.4
172.3
171.6
177.0
178.4
177.0
176.2
182.5
174.2
170.7
169.1
176.4
179.8
162.9
174.8
170.7
178.4
174.0
174.9
173.1
165.6
181.2
183.1
183.2
175.0
173.1
174.6
168.1
176.8
172.4
169.9
178.3
169.0
167.4
177.7
189.8
184.3
176.7
179.3
178.7
175.7
178.2
179.0
170.1
175.4
176.2
180.8
181.6
174.7
184.7
174.6
170.1
180.3
167.8
173.8
175.6
172.0
174.7
175.2
174.5
174.9
178.8
179.0
182.6
179.3
171.5
176.8
181.1
175.4
176.1
174.7
176.9
162.3
177.3
176.9
172.0
169.8
179.4
173.6
175.7
179.5
169.1
180.6
172.0
177.0
178.2
176.4
179.7
162.3
