169.963438076827
173.432365748099
172.916648217725
168.769197348438
173.700733686754
173.554411035205
174.516457838517
177.100494408615
177.036198696887
175.273500280874
177.32637524958
175.556161911572
176.342658182567
174.927796497536
176.178530951804
169.655456493977
176.540181043424
173.000225127538
181.863672951925
182.08421809607
168.409512288886
180.411526445963
173.548120791952
173.293967856548
173.43904382731
167.725576856692
175.642712936414
181.179318173571
173.124084443167
172.537348385683
171.69131579829
167.428852002368
167.521400057503
172.226175317146
177.057850503481
166.889590540569
172.288326379495
179.155983370314
177.61501916718
173.785966006838
173.721916437763
182.677282073899
177.341880624663
173.408732929546
173.567115947115
180.260667808202
174.338054674674
177.918841620759
178.196383892337
177.541234688229
175.273607652876
160.641399571449
169.723929409504
177.747627519469
179.693502025306
173.706708721512
173.606817028403
173.50502566416
177.867959027349
179.583342376986
175.664394206573
168.13443664237
182.26711823525
173.825350747529
177.101282889455
171.008648413538
171.595051916722
172.856777799566
177.090254159115
176.559803801943
174.036654911168
174.780890751793
173.130435137447
176.103865484062
177.10302759239
177.534620589992
172.1432196397
171.175521292275
179.243388132548
175.287089887417
175.851769359607
178.248508939342
173.769694292558
175.241062438689
178.543583298734
177.728042027393
182.288495957826
167.249093553063
171.980185766903
174.144979032223
175.909354765622
176.517955327487
176.49927059656
164.018331866759
184.373632891002
178.32593779043
170.943801200007
169.450170571303
174.794578306867
176.275728327489
177.653785276395
179.589214861087
167.828176375605
173.754400308917
183.266307073105
174.926338496375
174.589562014957
179.484287387988
174.802075874656
173.911255490072
183.108451717404
174.300255045626
175.089839837773
178.616762238549
172.282459456756
170.799964656995
171.653633118337
183.064718125235
172.143317458748
172.128708539998
167.78092669193
176.874981458532
182.899743644389
178.14741592746
183.089260067657
170.934674944588
180.126781143229
180.318415736958
181.180639743397
173.960235065546
178.869386429524
178.302948207601
170.265695882316
176.113024814485
171.763457714841
182.462167557038
177.126682242867
181.836621530523
178.982020400024
184.234221017388
174.147270012712
175.79202220351
174.366309294931
182.531619234513
169.583284024005
171.680737915804
175.215476617981
171.778113964384
178.333418132561
179.720677248734
177.200100037227
168.740154728809
175.677745657912
165.024432029907
175.606853066162
180.20914725114
167.376295347354
172.356283677401
165.035980176313
175.291396146
178.649766602941
175.84093700693
170.389475619179
169.914297587314
171.548538138746
174.616903572107
181.554936400213
180.166415173895
170.159168278487
179.176249478535
173.480456039878
170.512637728736
172.713398543543
169.588737497825
169.952313943096
177.894020837582
167.922728550075
175.950712346498
175.036044350006
172.846163259033
176.789438046925
175.57985803653
177.238521907504
174.777507935313
181.225333794104
173.528334473035
171.847946438188
171.514546076827
171.228012896656
168.410919436591
168.224052648944
172.367464305993
173.669241502172
169.255343244931
166.32876992314
170.157898049495
180.945931461107
171.164259374253
177.284965736091
169.43377854431
